   0.000000   0.000000   0.000000   0.000000   0.000000   0.000000   0.000000   0.000000   0.000000   0.000000   0.000000   0.000000   0.000000   0.000000   0.000000   0.000000   0.000000   0.000000   0.000000   0.000000   0.000000   0.000000   0.000000   0.000000   0.000000   0.000000   0.000000   0.000000   0.000000   0.000000   0.000000
   0.000000   0.057925   0.116956   0.178065   0.241937   0.308821   0.378358   0.449459   0.520269   0.588288   0.650701   0.704835   0.748571   0.780509   0.799888   0.806376   0.799888   0.780509   0.748571   0.704835   0.650701   0.588288   0.520269   0.449459   0.378358   0.308821   0.241937   0.178064   0.116956   0.057925   0.000000
   0.000000   0.114744   0.231836   0.353364   0.480864   0.614988   0.755151   0.899211   1.043328   1.182182   1.309681   1.420069   1.508939   1.573577   1.612666   1.625730   1.612667   1.573577   1.508939   1.420069   1.309681   1.182181   1.043328   0.899210   0.755151   0.614988   0.480863   0.353364   0.231836   0.114744   0.000000
   0.000000   0.169213   0.342280   0.522693   0.713166   0.915117   1.128047   1.348904   1.571650   1.787430   1.985773   2.156821   2.293538   2.392194   2.451471   2.471211   2.451471   2.392194   2.293538   2.156821   1.985772   1.787429   1.571649   1.348904   1.128047   0.915116   0.713165   0.522692   0.342280   0.169213   0.000000
   0.000000   0.219830   0.445378   0.681960   0.933989   1.204265   1.493017   1.796710   2.106937   2.410114   2.689159   2.927903   3.116199   3.250189   3.329813   3.356170   3.329813   3.250189   3.116199   2.927903   2.689159   2.410114   2.106937   1.796709   1.493016   1.204265   0.933988   0.681960   0.445377   0.219830   0.000000
   0.000000   0.264728   0.537441   0.825782   1.136564   1.474939   1.843045   2.237981   2.649275   3.056931   3.432847   3.749433   3.993166   4.162550   4.261423   4.293843   4.261423   4.162550   3.993166   3.749432   3.432847   3.056930   2.649274   2.237980   1.843044   1.474937   1.136563   0.825781   0.537440   0.264728   0.000000
   0.000000   0.301643   0.613875   0.947163   1.311546   1.715880   2.166242   2.662894   3.195250   3.735486   4.235865   4.643813   4.944484   5.145421   5.259486   5.296357   5.259486   5.145421   4.944484   4.643813   4.235864   3.735486   3.195249   2.662893   2.166241   1.715878   1.311545   0.947162   0.613874   0.301642   0.000000
   0.000000   0.327968   0.669252   1.037450   1.446577   1.910792   2.443151   3.052103   3.733345   4.453899   5.131311   5.645471   5.995534   6.215165   6.334743   6.372613   6.334743   6.215164   5.995534   5.645471   5.131310   4.453898   3.733344   3.052102   2.443149   1.910790   1.446575   1.037449   0.669251   0.327967   0.000000
   0.000000   0.340976   0.697715   1.086809   1.526517   2.037560   2.643464   3.369021   4.232126   5.215454   6.190010   6.811226   7.177016   7.384961   7.491708   7.524610   7.491708   7.384961   7.177016   6.811226   6.190010   5.215453   4.232125   3.369020   2.643463   2.037559   1.526516   1.086807   0.697714   0.340975   0.000000
   0.000000   0.338220   0.693823   1.085552   1.535123   2.069468   2.724124   3.548392   4.610685   5.985779   7.602048   8.232405   8.516344   8.655956   8.722519   8.742412   8.722519   8.655956   8.516344   8.232405   7.602048   5.985779   4.610684   3.548391   2.724123   2.069466   1.535121   1.085550   0.693822   0.338219   0.000000
   0.000000   0.318080   0.653806   1.026451   1.458956   1.981062   2.635173   3.489736   4.676443   6.514929  10.000000  10.000000  10.000000  10.000000  10.000000  10.000000  10.000000  10.000000  10.000000  10.000000  10.000000   6.514929   4.676442   3.489735   2.635171   1.981060   1.458954   1.026449   0.653804   0.318079   0.000000
   0.000000   0.280296   0.576868   0.907489   1.293189   1.760650   2.345770   3.098936   4.090420   5.397495   6.951351   7.527573   7.767776   7.875450   7.922634   7.936038   7.922634   7.875450   7.767776   7.527573   6.951350   5.397494   4.090418   3.098934   2.345767   1.760647   1.293186   0.907487   0.576866   0.280295   0.000000
   0.000000   0.226234   0.465882   0.733449   1.045659   1.422578   1.888320   2.469817   3.188805   4.033278   4.880335   5.391162   5.668083   5.811390   5.879047   5.898886   5.879047   5.811390   5.668083   5.391162   4.880334   4.033277   3.188803   2.469815   1.888317   1.422575   1.045656   0.733446   0.465880   0.226232   0.000000
   0.000000   0.158756   0.326976   0.514764   0.733418   0.995684   1.315112   1.703208   2.161704   2.666478   3.145547   3.488658   3.702003   3.822978   3.883280   3.901410   3.883279   3.822978   3.702003   3.488658   3.145546   2.666476   2.161702   1.703205   1.315109   0.995681   0.733415   0.514761   0.326974   0.158755   0.000000
   0.000000   0.081816   0.168503   0.265211   0.377567   0.511625   0.673237   0.866196   1.088324   1.325383   1.546715   1.715920   1.828294   1.895241   1.929681   1.940195   1.929681   1.895240   1.828293   1.715919   1.546714   1.325381   1.088322   0.866193   0.673234   0.511622   0.377563   0.265208   0.168500   0.081814   0.000000
   0.000000   0.000004   0.000007   0.000009   0.000012   0.000013   0.000014   0.000014   0.000014   0.000013   0.000012   0.000011   0.000010   0.000009   0.000009   0.000008   0.000008   0.000009   0.000009   0.000010   0.000010   0.000011   0.000011   0.000011   0.000010   0.000010   0.000008   0.000006   0.000004   0.000002   0.000000
   0.000000  -0.081809  -0.168489  -0.265192  -0.377544  -0.511600  -0.673210  -0.866168  -1.088298  -1.325358  -1.546693  -1.715899  -1.828275  -1.895223  -1.929665  -1.940179  -1.929665  -1.895224  -1.828276  -1.715900  -1.546694  -1.325360  -1.088300  -0.866172  -0.673213  -0.511603  -0.377547  -0.265195  -0.168491  -0.081810   0.000000
   0.000000  -0.158750  -0.326963  -0.514745  -0.733396  -0.995659  -1.315086  -1.703181  -2.161679  -2.666456  -3.145527  -3.488640  -3.701987  -3.822963  -3.883265  -3.901396  -3.883265  -3.822964  -3.701988  -3.488641  -3.145528  -2.666457  -2.161682  -1.703184  -1.315089  -0.995662  -0.733399  -0.514748  -0.326965  -0.158751   0.000000
   0.000000  -0.226227  -0.465869  -0.733431  -1.045637  -1.422554  -1.888295  -2.469793  -3.188783  -4.033259  -4.880319  -5.391149  -5.668071  -5.811378  -5.879037  -5.898875  -5.879037  -5.811379  -5.668072  -5.391150  -4.880320  -4.033260  -3.188785  -2.469795  -1.888298  -1.422558  -1.045640  -0.733434  -0.465871  -0.226228   0.000000
   0.000000  -0.280289  -0.576856  -0.907472  -1.293168  -1.760627  -2.345747  -3.098913  -4.090400  -5.397479  -6.951341  -7.527565  -7.767770  -7.875444  -7.922628  -7.936033  -7.922628  -7.875444  -7.767770  -7.527565  -6.951341  -5.397480  -4.090402  -3.098916  -2.345750  -1.760631  -1.293172  -0.907475  -0.576859  -0.280291   0.000000
   0.000000  -0.318074  -0.653795  -1.026435  -1.458937  -1.981041  -2.635152  -3.489716  -4.676425  -6.514918 -10.000000 -10.000000 -10.000000 -10.000000 -10.000000 -10.000000 -10.000000 -10.000000 -10.000000 -10.000000 -10.000000  -6.514918  -4.676427  -3.489718  -2.635154  -1.981044  -1.458941  -1.026438  -0.653797  -0.318076   0.000000
   0.000000  -0.338214  -0.693813  -1.085537  -1.535106  -2.069448  -2.724105  -3.548373  -4.610669  -5.985767  -7.602041  -8.232400  -8.516340  -8.655953  -8.722516  -8.742409  -8.722516  -8.655952  -8.516340  -8.232400  -7.602042  -5.985768  -4.610670  -3.548375  -2.724107  -2.069451  -1.535109  -1.085540  -0.693815  -0.338216   0.000000
   0.000000  -0.340971  -0.697705  -1.086795  -1.526501  -2.037543  -2.643446  -3.369004  -4.232111  -5.215440  -6.190000  -6.811217  -7.177010  -7.384956  -7.491704  -7.524606  -7.491704  -7.384956  -7.177010  -6.811218  -6.190001  -5.215442  -4.232112  -3.369006  -2.643449  -2.037545  -1.526504  -1.086798  -0.697707  -0.340972   0.000000
   0.000000  -0.327963  -0.669243  -1.037438  -1.446562  -1.910776  -2.443134  -3.052086  -3.733329  -4.453886  -5.131300  -5.645461  -5.995525  -6.215158  -6.334737  -6.372607  -6.334737  -6.215158  -5.995526  -5.645462  -5.131300  -4.453887  -3.733331  -3.052088  -2.443136  -1.910778  -1.446565  -1.037441  -0.669245  -0.327964   0.000000
   0.000000  -0.301639  -0.613867  -0.947153  -1.311533  -1.715865  -2.166227  -2.662879  -3.195236  -3.735473  -4.235853  -4.643803  -4.944475  -5.145413  -5.259479  -5.296350  -5.259479  -5.145413  -4.944475  -4.643803  -4.235853  -3.735474  -3.195237  -2.662881  -2.166230  -1.715868  -1.311536  -0.947155  -0.613869  -0.301640   0.000000
   0.000000  -0.264725  -0.537435  -0.825773  -1.136553  -1.474926  -1.843032  -2.237968  -2.649262  -3.056918  -3.432836  -3.749422  -3.993157  -4.162542  -4.261416  -4.293836  -4.261416  -4.162542  -3.993158  -3.749423  -3.432837  -3.056920  -2.649264  -2.237970  -1.843034  -1.474928  -1.136555  -0.825775  -0.537436  -0.264726   0.000000
   0.000000  -0.219827  -0.445373  -0.681953  -0.933980  -1.204255  -1.493006  -1.796699  -2.106926  -2.410104  -2.689150  -2.927894  -3.116191  -3.250182  -3.329807  -3.356164  -3.329807  -3.250182  -3.116192  -2.927895  -2.689150  -2.410105  -2.106928  -1.796700  -1.493008  -1.204257  -0.933982  -0.681955  -0.445374  -0.219828   0.000000
   0.000000  -0.169211  -0.342276  -0.522687  -0.713159  -0.915109  -1.128039  -1.348896  -1.571641  -1.787422  -1.985765  -2.156814  -2.293531  -2.392188  -2.451465  -2.471205  -2.451466  -2.392188  -2.293532  -2.156814  -1.985766  -1.787422  -1.571642  -1.348897  -1.128040  -0.915110  -0.713160  -0.522688  -0.342277  -0.169212   0.000000
   0.000000  -0.114742  -0.231833  -0.353361  -0.480859  -0.614983  -0.755145  -0.899205  -1.043322  -1.182176  -1.309676  -1.420064  -1.508934  -1.573573  -1.612662  -1.625726  -1.612662  -1.573573  -1.508934  -1.420064  -1.309676  -1.182177  -1.043323  -0.899206  -0.755146  -0.614984  -0.480860  -0.353361  -0.231834  -0.114743   0.000000
   0.000000  -0.057924  -0.116955  -0.178063  -0.241935  -0.308818  -0.378355  -0.449456  -0.520266  -0.588285  -0.650698  -0.704833  -0.748568  -0.780507  -0.799886  -0.806374  -0.799886  -0.780507  -0.748568  -0.704833  -0.650699  -0.588285  -0.520266  -0.449457  -0.378355  -0.308819  -0.241935  -0.178063  -0.116955  -0.057925   0.000000
   0.000000   0.000000   0.000000   0.000000   0.000000   0.000000   0.000000   0.000000   0.000000   0.000000   0.000000   0.000000   0.000000   0.000000   0.000000   0.000000   0.000000   0.000000   0.000000   0.000000   0.000000   0.000000   0.000000   0.000000   0.000000   0.000000   0.000000   0.000000   0.000000   0.000000   0.000000
